432
1183
2052
977
1530
644
1632
1170
513
352
1197
769
1599
2117
765
2058
474
1986
330
1230
351
1160
467
106
1012
1011
255
877
2093
707
275
751
251
119
2017
131
562
1550
435
209
1771
2023
1782
1908
252
197
202
1403
1032
1493
1521
649
1359
1185
217
1767
156
1387
1642
739
1312
1044
2145
1445
1621
395
871
103
410
817
1625
199
799
911
1864
243
1492
1804
105
245
1248
1725
910
2191
1048
1649
730
847
360
950
2165
1410
2051
393
1658
297
585
1074
1611
2011
777
1990
943
428
1869
495
1906
1529
1939
994
1293
1176
581
954
1717
1707
796
1450
1907
1750
496
324
101
654
1112
1721
1323
1942
1263
1046
1597
180
1726
313
1749
163
1001
276
126
2179
241
2173
2020
864
1415
1698
2014
299
1799
1281
679
273
1606
1296
1179
2102
460
671
1883
713
1683
2104
1746
1522
1432
1294
548
2122
1244
1630
2076
613
1927
345
1894
892
896
1947
1501
767
477
1444
1605
2184
458
2115
828
165
621
402
1495
558
1874
277
1252
110
989
1409
630
185
1727
1669
756
1468
2159
1422
2132
1104
1474
1332
1319
1570
107
640
205
2169
464
987
1471
606
2069
1680
1755
1711
556
356
143
1905
564
1369
982
693
921
517
1364
544
1388
731
444
619
1433
198
839
958
1355
659
782
1243
1204
1280
927
1233
951
232
2126
1510
1712
1148
1050
1622
1559
1643
1340
1624
1398
924
1866
1792
682
2158
303
576
112
677
1060
830
1438
1400
1181
1940
770
1663
1137
1348
537
1984
510
1005
1302
1629
795
1800
1442
228
1285
405
1190
1541
1283
1885