884
189
1952
2134
2079
1052
1784
727
1898
1381
768
1250
1375
316
1813
459
2137
1043
1371
407
1758
366
294
231
463
949
2168
1223
565
719
735
1761
547
714
1525
1580
207
1453
1553
1465
1949
1573
1967
262
1084
718
914
1221
1585
1078
1437
814
825
1241
2187
1635
347
290
1156
1588
1295
1884
1982
319
920
1664
1477
506
623
158
443
304
591
1843
712
764
1352
1594
272
152
699
665
1686
1180
2050
124
2075
281
761
664
508
995
1116
1877
820
1830
1818
1697
2140
236
925
2092
2004
1037
1831
1959
1189
2036
162
1527
571
2157
388
806
666
891
861
827
854
1472
160
907
214
1286
1636
867
1960
763
371
1071
1851
2059
1274
292
574
1399
913
2086
1558
2101
655
1040
2039
1167
1582
725
859
308
1325
1834
842
278
115
1299
1254
1002
397
2002
1402
2154
224
1687
1690
390
1933
1672
175
1168
1368
1145
938
944
1080
1744
2000
1763
1499
2024
389
577
2147
218
1696
826
1513
1351
1238
274
1141
331
271
259
1249
1407
2106
387
461
1637
543
440
1679
740
945
1552
615
1217
2080
244
1054
1314
328
1581
1135
1484
409
2107
1540
1997
1781
1576
990
1466
1441
456
399
2156
1713
1647
582
1681
1593
1958
391
130
416
1860
2178
2127
1082
1058
1716
1685
2141
996
1256
900
167
1459
1985
1791
680
1448
750
963
749
1288
1921
1692
1083
1117
1284
102
980
1127
1025
1063
1524
1161
502
1287
1773
1306
1562
1260
882
1584
1480
1072
1413
1350
1963
285
1989
593
2189
500
1049
1030
2174
948
317
998
1027
1506
505
709
2103
1193
588
1016
919
661
1899
370
1979
723
1143
895
923
1549
1563
1077
2128
971
1991
424
422
269
380
2007
404
1745
1271
332
283
961
125
301
1547
1357
1704
906
775
1200
221
1871
1253
850
902
918
1349
1897
1431
1742
674
1787
595
1333
2149
757
1518
2010
541
1094
311
1430
1473
481
203
1298
2009
379
1150
633
1888
2035
2146
1059
1668
1919
1648
1728
310
2073
729
1503
359
1464
1121
1971
2065
1461
1666
916
1429
563
411
981
2025
794
2047
357
2121
748
625
1628
1098
1538
2142
2019
240
1384
1587
475
1311
1393
1699
893
1872
863
1917
1079
1290
1962
339
1895
744
1691
2084
1793
1389
1656
1380
838
1303
647
737
773
1571
935
242
114
403
200
1261
256
418
964
133
192
196
1734
672
320
1378
469
1215
1607
1089
999
450
1146
636
334
1457
1876
1662
858
1612
1671
1408
284
1568
509
113
1595
1893
904
1640
733
1205
1339
1882
704
2098
382
1435
1062
305
1968
1924
1443
1120
1498
1614
1821
1061
786
668
431
2037
1693
1995
1232
1551
1615
1590
778
692
215
1482
685
1846
720
687
2190
802
821
1015
373
809
1242
1854
2133
1936
1574
2087
1203
492
1502
635
1626
150
1555
1024
2029
1650
1370
1358
1439
153
1909
2109
1863
646
286
2116
889
1811
1892
1675
1300
1164
194
1213
289
1929
1467
696
589
1702
457
157
974
2055
610
1278
1847
1101
1973
1676
1673
235
866
1853
1572
2105
2062
774
2028
453
1218
728
1236
978
147
534
2143
111
1827
488
362
629
1486
1392
187
986
2071
417
1829
1107
1414
322
1735
1741
1198
2033
2152
2160
688
1258
2061
2089
1824
1411
400
960
1610
2031
1926
1557
550
429
1309
2162
717
1067
1487
616
747
1372
216
1028
140
2074
166
622
2167
1653
1125
538
473
955
2021
1119
785
539
433
1981
1320
1528
253
1759
1705
1833
966
108
1835
1826
1134
1216
2030
254
611
1859
318
383
1684
868
933
1589
598
518
1578
2018
870
592
1344
1805
1149
1096
1604
1596
1478
186
2164
219
1326
1199
1108
314
531
261
375
760
1021
1481
1053
813
656
879
1720
1807
490
250
220
1678
1088
1142
1345
1505
1544
412
210
1128
930
342
683
1122
446
260
1545
315
1603
134
1700
1795
1925
302
726
651
1775
1207
1065
1270
1520
1564
1992
155
1786
2060
1324
213
988
2123
1404
2053
1006
1736
522
1275
364
1151
540
1133
1395
149
1147
1277
504
1497
667
1841
1913
848
1273
1645
1722
164
1731
449
1231
1425
1255
697
1539
781
1646
1941
2044
258
742
1317
703
2008
1379
708
154
1479
493
1010
624
1361
2155
1416
1086
1832
1446
2026
1762
792
1496
2171
819
1904
1075
1307
135
567
628
1268
738
783
634
1087
193
1237
2177
1169
2150
947
983
551
1776
660
1790
2001
724
845
280
1886
862
2112
479
1873
1548
1569
926
1737
1965
579
755
554
1511
374
753
946
1932
1956
1091
991
1850
514
741
246
1267
698
483
333
1602
1657
2151
1634
1131
484
1069
1007
1235
2094
1739
122
1858
367
650
804
972
1279
706
969
811
1304
430
170
239
1823
2027
1752
1659
614
662
512
1915
138
1034
1186
1417
1651
801
1839
2032
694
148
1751
1868
1948
528
762
833
1354
2100
1211
497
142
673
2070
1890
597
2034
472
1788
752
326
1937
1153
1631
1533
1508
2088
620
899
1689
1365
1210
1820
1225
494
1616
1454
1047
498
849
1157
805
800
2148
171
856
1081
1338
967
1184
176
874
803
2045
1903
602
1483
2091
968
1861
852
1887
2138
2110
2188
1111
1196
645
618
887
1779
1373
348
323
1957
1004
248
722
1964
1173
834
1014
1862
2003
480
527
1206
1220
700
264
1772
587
1102
524
1534
181
857
1710
346
1583
872
956
146
396
1362
759
1515
340
1335
929
1110
325
487
423
690
1019
168
1385
1009
1661
1023
1796
779
1950
1723
1456
511
1310
1106
1778
2113
1488
1517
1996
627
206
1509
2183
1828
249
632
452
455
1208
2067
557
1224
1970
1756
306
1567
776
546
1428
267
1336
1535
1264
354
2063
569
1035
1476
1935
1266
1257
612
1586
939
2054
1729
1757
970
336
1740
1460
2090
1500
2139
851
1916
1922
691
1814
1523
1419
1412
1226
1988
641
1219
1591
442
1391
386
1934
136
1801
984
1592
1708
1849
657
1889
1056
1405
746
976
959
129
652
798
349
1342
237
1421
159
578
363
1041
1155
173
711
1623
1754
1051
2180
1491
437
1401
1891
716
993
2095
663
824
1129
376
408
1366
117
617
1038
2125
831
300
1265
516
1789
835
1812
1730
401
377
1262
1901
1857
603
2119
183
1881
643
520
1259
1870
1902
287
905
1346
844
128
1386
594
570
1912
1768
1418
1733
936
191
1556
1519
1463
1123
462
372
1282
985
1928
307
415
928
903
1132
880
2182
515
808
1272
295
1423
829
291
1245
519
1780
1341
1013
1033
222
1328
337
116
953
384
1504
482
952
1542
225
934
361
1177
1618
788
1154
1100
1575
780
368
1239
427
1470
601
962
932
2175
132
1020
184
470
2114
1424
536
2005
1313
1601
1930
2056
648
99
1394
1390
1192
1856
394
1724
1900
1836
1810
1064
1954
1806
1516
1709
298
812
1246
559
279
1719
1240
2077
1068
710
447
1097
705
898
1331
1816
1376
1837
465
139
1188
771
869
1674
1305
425
195
1701
1855
1560
1327
912
2097
1875
288
596
979
1209
1706
1003
211
604
1748
1138
1783
909
658
151
1613
885
1840
1118
997
1163
1066
1715
1172
1753
172
823
1297
1475
573
1055
584
721
1229
1036
381
1337
865
1136
2135
1536
489
1945
832
1105
1561
888
247
784
2120
2038
975
638
1910
931
445
1667
1227
1029
860
358
942
684
1993
529
1070
2057
1191
2066
561
736
434
549
1462
1975
1764
2099
1455
1817
118
478
1452
810
1969
2144
2163
791
1363
818
1485
793
436
1880
552
669
523
940
1420
421
1652
876
1644
230
637
1565
2068
1609
846
1703
1785
583
1566
532
2081
609
855
327
2040
365
1316
1554
466
1292
169
1914
922
1987
533
1126
2016
1512
1397
1109
2083
894
1822
1867
2082
1458
454
1322
715
491
1008
1774
1633
590
676
413
2078
174
1766
1802
121
2085
2043
1845
2015
1815
141
678
886
1532
2042
1018
2129
1347
1383
566
419
1848
1113
1838
642
815
263
878
100
1638
420
223
1124
1489
104
1655
344
309
843
2041
1159
572
1760
1955
123
881
941
1377
1770
631
1694
1677
807
369
503